ANOVA_F-score: 500
0.9421416345420257 0.9854126658637937
CatBoost: 500
0.9711784732077238 0.990622773517898
chi-square: 500
0.934095071350224 0.9773552743841374
CIFE: 500
0.9474677389294927 0.9855612827777281
CMIM: 500
0.9495642362534917 0.9834669360565094
DISR: 500
0.9524562295230246 0.9875499399187485
Fisher: 500
0.9401534434188838 0.9854126658637937
Gini: 500
0.8660300062110411 0.9430322438512633
JMI: 500
0.9165538868893219 0.9690815367103037
Laplacian: 500
0.8641152812524155 0.941023240039348
LGBM gain: 500
0.9732523898688817 0.99065499693358
LGBM split: 500
0.9721675348742523 0.9917179356656917
MIFS: 500
0.8668668867431457 0.9783110231974166
MRMR: 500
0.9597812572240416 0.9885488427205629
mutual_info: 500
0.9186806695448446 0.9700385874797721
ReliefF: 500
0.8928010739239458 0.9587588544319097
RFC: 500
0.9638839150844982 0.9896552030766432
RGF: 500
0.9794072747827776 0.9917179356656917
SPEC: 500
0.904090633970917 0.9597911393399621
Trace_ratio: 500
0.9401639630906701 0.9843810594922418
XGBoost gain: 500
0.9773125312966691 0.9917076285125274
XGBoost split: 500
0.9773125312966691 0.9917076285125274
SGD_elasticnet: 500
0.9556123562857991 0.9855516541610643
SGD_L1: 500
0.9566224572959001 0.9854657019682492
SGD_L2: 500
0.955666283445377 0.9834683072656873
SVC_L1: 500
0.9608119725404712 0.989677119339161
SVC_L2: 500
0.9588239797997742 0.9886132895519271
SVM: 500
0.9577069155256398 0.988581066136245
ANOVA_F-score: 500
0.7628216267831208 0.927916022045687
CatBoost: 500
0.9411098015156747 0.9845303549426766
chi-square: 500
0.582248354611457 0.9310506434470105
CIFE: 500
0.847025898959066 0.9814046836215166
CMIM: 500
0.8405877772696607 0.9762495925645575
DISR: 500
0.7021353308303685 0.9649564682970967
Fisher: 500
0.7628216267831208 0.927916022045687
Gini: 500
0.808020520783856 0.929968872518815
JMI: 500
0.5919964054557447 0.9413021218251887
Laplacian: 500
0.8091815151083689 0.9288092635396572
LGBM gain: 500
0.9484357612524488 0.9854876182307669
LGBM split: 500
0.949530258999919 0.9835099467794113
MIFS: 500
0.9270265431546513 0.958770661923708
MRMR: 500
0.9297238247209139 0.9825322817036143
mutual_info: 500
0.6012905103122091 0.9382084614010887
ReliefF: 500
0.33645017268518335 0.8577439667551765
RFC: 500
0.9401003931782512 0.9804921439135841
RGF: 500
0.9567932581077859 0.9865183335471965
SGD_elasticnet: 500
0.9620031673794454 0.9875917919510945
SGD_L1: 500
0.9534961074382396 0.983467203691943
SGD_L2: 500
0.96584929889 0.9896545245401428
SPEC: 500
0.5204876823552268 0.9216208468783315
SVC_L1: 500
0.9732182000966871 0.9938231988235864
SVC_L2: 500
0.9699208369085188 0.9938014950796905
SVM: 500
0.9576761783124147 0.9917284412013008
Trace_ratio: 500
0.7628216267831208 0.927916022045687
XGBoost gain: 500
0.9403766710517136 0.9835211449876979
XGBoost split: 500
0.9372617177847846 0.9835211449876979
