ANOVA_F-score: 79
0.5839035384067355 0.9037473336260664
CatBoost: 79
0.9659032260495779 0.9885488427205629
chi-square: 79
0.937050140241943 0.9740458770493717
CIFE: 79
0.9041009552602585 0.9617587161567753
CMIM: 79
0.8647098753008076 0.9463383446009731
DISR: 79
0.950478572207846 0.9844775172206659
Fisher: 79
0.5807102669347886 0.9036729905426049
Gini: 79
0.779397249567812 0.9513067293145862
HSIC_Lasso: 19
0.8421585233469353 0.9513688997454729
JMI: 79
0.8948004632553743 0.9555814348263062
Laplacian: 79
0.8259868676675884 0.9307092953224954
LGBM gain: 79
0.974282440784988 0.9927280366757927
LGBM split: 79
0.9669453520929161 0.9917179356656917
MIFS: 79
0.8119697238260536 0.9175087587836559
MRMR: 79
0.9421324719432403 0.9824141060951171
mutual_info: 79
0.9121721488605797 0.9639036383357045
ReliefF: 79
0.8524621609106235 0.9266697823372136
RFC: 79
0.9659891782423929 0.9874962111416155
RGF: 79
0.9721440631562888 0.9907194437649441
SPEC: 79
0.8635182412884125 0.9516032987421318
Trace_ratio: 79
0.5723109180471054 0.903725149728115
XGBoost gain: 79
0.9690183918351287 0.9885922643445316
XGBoost split: 79
0.9762912320782814 0.9885497337756852
SGD_elasticnet: 79
0.9269598623313411 0.9824138935764952
SGD_L1: 79
0.9278960721396818 0.9835106253159117
SGD_L2: 79
0.9412709737108967 0.9813614603799927
SVC_L1: 79
0.9266408413704104 0.9835531558847581
SVC_L2: 79
0.9483390358885908 0.9855185396902598
SVM: 79
0.9586623967034854 0.9824790189443597
ANOVA_F-score: 79
0.42737622291348126 0.48641769734093104
CatBoost: 79
0.8960630476687289 0.972196222341799
chi-square: 79
0.7349986045998725 0.8833865043502265
CIFE: 79
0.7886674011243606 0.9331901939024428
CMIM: 79
0.2825853398452752 0.708769704114416
DISR: 79
0.8082634716678919 0.9454920338346495
Fisher: 79
0.42737622291348126 0.48641769734093104
Gini: 79
0.6238820706941601 0.8136325316614491
HSIC_Lasso: 19
0.774786641667718 0.8678322090562771
JMI: 79
0.6058093684020093 0.8978815683981868
Laplacian: 79
0.5544590655352479 0.7515193130724171
LGBM gain: 79
0.9216438525784164 0.9741110024172364
LGBM split: 79
0.9008136867066325 0.9618862795909603
MIFS: 79
0.7577739932804277 0.8254408706070708
MRMR: 79
0.8564349648002408 0.9238451484274915
mutual_info: 79
0.584192897455831 0.8739369152773524
ReliefF: 79
0.17659642390750155 0.6756170430234621
RFC: 79
0.829589807503131 0.953612500936492
RGF: 79
0.9432874414005186 0.9824575277190859
SGD_elasticnet: 79
0.9277237158723503 0.9751186569167692
SGD_L1: 79
0.9277434532597335 0.9709839598868983
SGD_L2: 79
0.9421792989341934 0.9815853255686883
SPEC: 79
0.32815713679738734 0.7714547512477741
SVC_L1: 79
0.9494243710372758 0.98352135750632
SVC_L2: 79
0.9307858455534457 0.9834448214115468
SVM: 79
0.9258413985756745 0.981393287030785
Trace_ratio: 79
0.42737622291348126 0.48641769734093104
XGBoost gain: 79
0.9246524518648237 0.9629250822047851
XGBoost split: 79
0.9307979065445005 0.9773853047885079
