ANOVA_F-score: 500
0.9474050600721962 0.9855935061934102
CatBoost: 500
0.9505949798422756 0.9846156285989912
chi-square: 500
0.9453857349709395 0.9835952204357259
CIFE: 500
0.9125632647768488 0.9721015325874425
CMIM: 500
0.9454491065009135 0.9835101592980332
DISR: 500
0.9484785184760941 0.9846053214458269
Fisher: 500
0.9463627356464132 0.9855935061934102
Gini: 500
0.9484897025482038 0.9846053214458269
JMI: 500
0.9495206303832553 0.9855082325370955
Laplacian: 500
0.949542546645773 0.982585119425625
LGBM gain: 500
0.9505837816339888 0.9844452938049839
LGBM split: 500
0.9505837816339888 0.9844452938049839
MIFS: 500
0.903292987422603 0.9670729296632781
MRMR: 500
0.9494989266393594 0.9856257296090922
mutual_info: 500
0.9505515582183068 0.9846053214458269
ReliefF: 500
0.9485107418917762 0.9835952204357259
RFC: 500
0.9505524351372521 0.9835952204357259
RGF: 500
0.9526568213762016 0.9846053214458269
SPEC: 500
0.9422280527527194 0.9866036072035113
Trace_ratio: 500
0.9474050600721962 0.9855935061934102
XGBoost gain: 500
0.9516364132129362 0.9835629970200439
XGBoost split: 500
0.9516364132129362 0.9835629970200439
SGD_elasticnet: 500
0.9412606948300866 0.9823825612159355
SGD_L1: 500
0.9381468861175366 0.9833926622260365
SGD_L2: 500
0.9525936765010266 0.9835952204357259
SVC_L1: 500
0.9433458096995313 0.9825313906484919
SVC_L2: 500
0.9444185895669287 0.9834351927948829
SVM: 500
0.9412821860553605 0.9835307736043618
ANOVA_F-score: 500
0.8752855479809682 0.9516162649244861
CatBoost: 500
0.8843880661812308 0.9546890985236355
chi-square: 500
0.8886313102029351 0.9517981805554928
CIFE: 500
0.8731602798002566 0.9423437677144713
CMIM: 500
0.905313401961427 0.9516019133967767
DISR: 500
0.9092562588358395 0.9516374885143264
Fisher: 500
0.8701729874928554 0.9516162649244861
Gini: 500
0.8887565105157177 0.9548267156117282
JMI: 500
0.906043744266742 0.957868018467873
Laplacian: 500
0.9093316221038795 0.9538374555627548
LGBM gain: 500
0.886366416169087 0.9579103365180974
LGBM split: 500
0.886366416169087 0.9579103365180974
MIFS: 500
0.879380304218194 0.9432558272683481
MRMR: 500
0.9061309984157463 0.956705962978147
mutual_info: 500
0.9053110105676705 0.956953498267251
ReliefF: 500
0.9061272358128118 0.9485418617337139
RFC: 500
0.9021004213744509 0.9536669223863026
RGF: 500
0.8811988249476519 0.9443742627516605
SGD_elasticnet: 500
0.9155095819708492 0.9598338824274304
SGD_L1: 500
0.9155189980688911 0.9536669082501255
SGD_L2: 500
0.9227495343979965 0.964001199637873
SPEC: 500
0.8741202713705257 0.9505412369289654
SVC_L1: 500
0.9134797513339833 0.9569098641246603
SVC_L2: 500
0.9195795503977453 0.9599609939799139
SVM: 500
0.9125855919404333 0.9546882074685131
Trace_ratio: 500
0.8773193396032134 0.9516162649244861
XGBoost gain: 500
0.8671424860801076 0.9475241125996386
XGBoost split: 500
0.8660482149874362 0.9475241125996386
