ANOVA_F-score: 1000
0.9566660914384907 0.987561549028102
CatBoost: 1000
0.9701571739893361 0.9895589437306639
chi-square: 1000
0.9340310354199266 0.9762921231334037
CIFE: 1000
0.9506048068413843 0.9864981852587464
CMIM: 1000
0.9442482406367443 0.9855091235922179
DISR: 1000
0.9535287968718001 0.988634794913378
Fisher: 1000
0.9566555717667045 0.9885924768631535
Gini: 1000
0.8897716619487651 0.9637977645092383
JMI: 1000
0.914458238211914 0.9711140263763597
Laplacian: 1000
0.8960335242628715 0.9618104644412188
LGBM gain: 1000
0.9711359285027004 0.9906653040867442
LGBM split: 1000
0.9721997582899344 0.9917179356656917
MIFS: 1000
0.924554890562655 0.9854654894496272
MRMR: 1000
0.9587286256450942 0.9865198890026423
mutual_info: 1000
0.9134499193120577 0.9679782462844801
ReliefF: 1000
0.9176488365184936 0.9731127230351108
RFC: 1000
0.9607582437633382 0.9896552030766432
RGF: 1000
0.970137025700886 0.9896668121859967
SPEC: 1000
0.921771910302834 0.9794050959076431
Trace_ratio: 1000
0.9566235608696444 0.9875286470759195
XGBoost gain: 1000
0.9762921231334039 0.9927280366757927
XGBoost split: 1000
0.9762921231334039 0.9927280366757927
SGD_elasticnet: 1000
0.9567301132326109 0.9876466101657947
SGD_L1: 1000
0.9546136518664295 0.9876040795969484
SGD_L2: 1000
0.9576750888748474 0.9865290516014277
SVC_L1: 1000
0.9608441959561533 0.9886461915041095
SVC_L2: 1000
0.9556550993732673 0.9875928813886616
SVM: 1000
0.9546013783567527 0.988581066136245
ANOVA_F-score: 1000
0.8412853750246035 0.9722291242939816
CatBoost: 1000
0.9505640301104284 0.9876786210628549
chi-square: 1000
0.5425308570435041 0.9358560597189798
CIFE: 1000
0.8945839926913965 0.9855082325370955
CMIM: 1000
0.9628731355378968 0.9835526898668796
DISR: 1000
0.6465326402627486 0.9700815148135082
Fisher: 1000
0.8412853750246035 0.9722291242939816
Gini: 1000
0.7756318813211484 0.9484265576730287
JMI: 1000
0.5516518248111378 0.9433644435131703
Laplacian: 1000
0.7908879824791176 0.9525301065886077
LGBM gain: 1000
0.9516048541975775 0.9845200477895123
LGBM split: 1000
0.9475098444610952 0.9835202539325756
MIFS: 1000
0.9485971459662927 0.9825018262619999
MRMR: 1000
0.9285970625771268 0.9855831990402459
mutual_info: 1000
0.5579768320004191 0.9424181107979329
ReliefF: 1000
0.5911739631722743 0.9485425402702143
RFC: 1000
0.9247923312172166 0.981447214190363
RGF: 1000
0.9557824785611845 0.9855404559527776
SGD_elasticnet: 1000
0.9609516252380652 0.9875606579729796
SGD_L1: 1000
0.9568261600599685 0.9855623722152954
SGD_L2: 1000
0.9589097194739673 0.9845520586865725
SPEC: 1000
0.636972975587053 0.9359948637699826
SVC_L1: 1000
0.9660643982448 0.9917398519282095
SVC_L2: 1000
0.9742394993150748 0.9938014950796905
SVM: 1000
0.9701692632527452 0.9917812930594886
Trace_ratio: 1000
0.8412853750246035 0.9722291242939816
XGBoost gain: 1000
0.9382810365104827 0.9835750721472758
XGBoost split: 1000
0.9382810365104827 0.9835750721472758
