ANOVA_F-score: 79
0.9184960524761167 0.9762814050791727
CatBoost: 79
0.9484153736009192 0.9793638672949859
chi-square: 79
0.9256961474997847 0.9700385874797721
CIFE: 79
0.8397765572783343 0.9277344607710388
CMIM: 79
0.8845062700620822 0.9556529204981329
DISR: 79
0.9309698250663078 0.9721335576206797
Fisher: 79
0.9215585789221018 0.9762491816634906
Gini: 79
0.9360935837627072 0.9762579192250321
HSIC_Lasso: 79
0.9307876135275133 0.9781402223855308
JMI: 79
0.9175523929262466 0.9719954462423543
Laplacian: 79
0.774370386345361 0.9257677623010675
LGBM gain: 79
0.9473511329126183 0.9854553948150849
LGBM split: 79
0.9484888256292584 0.9846053214458269
MIFS: 79
0.5667642571693222 0.8375947580256664
MRMR: 79
0.9361260196970113 0.9794263336336605
mutual_info: 79
0.9154999674903624 0.9678813776549892
ReliefF: 79
0.9278119161932886 0.9711024172670062
RFC: 79
0.9453006879694239 0.9835733041732082
RGF: 79
0.9514877962990017 0.9843705398204554
SPEC: 79
0.8853460221419986 0.9484556970222768
Trace_ratio: 79
0.9225789870853671 0.9782902105086432
XGBoost gain: 79
0.9525610421842777 0.9846156285989912
XGBoost split: 79
0.9464269840953324 0.9825322817036143
SGD_elasticnet: 79
0.9032633820554763 0.9741649437129913
SGD_L1: 79
0.8659644148252981 0.9576319348863124
SGD_L2: 79
0.9122876513037098 0.9741320417608088
SVC_L1: 79
0.911340510922516 0.9731004353892568
SVC_L2: 79
0.9267586060778408 0.9743249572176572
SVM: 79
0.9318818987563617 0.9739072996531679
ANOVA_F-score: 79
0.7312572730422906 0.8919174751828166
CatBoost: 79
0.8669400160192396 0.9340166980283943
chi-square: 79
0.7164056937513226 0.891521719744668
CIFE: 79
0.6804392128785257 0.839372021275156
CMIM: 79
0.7206139860751659 0.8399230094533114
DISR: 79
0.7842233810032117 0.9236754370531729
Fisher: 79
0.7312572730422906 0.8919174751828166
Gini: 79
0.7661503915848376 0.9163703733943382
HSIC_Lasso: 79
0.9092211087555337 0.9535598757331033
JMI: 79
0.6319303735876755 0.8967868581320945
Laplacian: 79
0.4995264580817573 0.6613765121244337
LGBM gain: 79
0.859646602450393 0.9557517696203135
LGBM split: 79
0.8392674069963477 0.9339123796573738
MIFS: 79
0.46272551491506975 0.5609735404058622
MRMR: 79
0.8290497640340058 0.9392941933146635
mutual_info: 79
0.6277707186373841 0.8988392835679785
ReliefF: 79
0.711300993905806 0.8895477967600696
RFC: 79
0.8533981030835307 0.9495002003231944
RGF: 79
0.8833363256574058 0.9547322383759935
SGD_elasticnet: 79
0.8578307548863023 0.9361013610161375
SGD_L1: 79
0.6751489780884995 0.8162496182666976
SGD_L2: 79
0.8773330803957161 0.9442249673012256
SPEC: 79
0.579675198056587 0.8410738525985736
SVC_L1: 79
0.9203015801787627 0.9578046752102533
SVC_L2: 79
0.90800124058519 0.9463837467176315
SVM: 79
0.8926703430341612 0.9630222326058868
Trace_ratio: 79
0.7312572730422906 0.8919174751828166
XGBoost gain: 79
0.8730456542760718 0.9527109469182242
XGBoost split: 79
0.872851635245479 0.9454483996920588
