ANOVA_F-score: 1000
0.7547081561132096 0.9461269937129305
chi-square: 1000
0.9670534599113284 0.9844885029103306
Fisher: 1000
0.7609935042814565 0.9451168927028295
Gini: 1000
0.22604239999999998 0.31123697101696496
Laplacian: 1000
0.22604239999999998 0.310226870006864
LGBM gain: 1000
0.9763664520806883 0.9926846150518239
LGBM split: 1000
0.9742611889227936 0.9916319834728765
mutual_info: 1000
0.9216805029973563 0.9731423425384145
ReliefF: 1000
0.9268989514481123 0.9732929540812156
RFC: 1000
0.9660635213258546 0.9885376445122762
SPEC: 1000
0.9094522442229448 0.9586209555722063
XGBoost gain: 1000
0.9763552680085787 0.9948541266586379
XGBoost split: 1000
0.9763552680085787 0.9948541266586379
SGD_elasticnet: 1000
0.96810453603483 0.9865816909409935
SGD_L1: 1000
0.9649674681229385 0.9866141127391204
SGD_L2: 1000
0.9670841278715647 0.9865816909409935
SVC_L1: 1000
0.9660435714198494 0.9927479724456209
SVM: 1000
0.9341588396450876 0.9813836442779441
ANOVA_F-score: 1000
0.42528147942737277 0.8074460735960174
chi-square: 1000
0.8348738063589956 0.9773121203956023
Fisher: 1000
0.42528147942737277 0.8074460735960174
Gini: 1000
0.16408361571596486 0.2966806874697076
Laplacian: 1000
0.16408361571596486 0.2966806874697076
LGBM gain: 1000
0.9308930764529126 0.9906975275024263
LGBM split: 1000
0.9402516691213757 0.9866042857400117
mutual_info: 1000
0.5730724253634897 0.9445448793172786
ReliefF: 1000
0.5872608380338442 0.9494140638841115
RFC: 1000
0.9162719351732244 0.9805449816355948
SGD_elasticnet: 1000
0.9712313109297345 0.989677119339161
SGD_L1: 1000
0.9752914382213447 0.98866701832906
SGD_L2: 1000
0.9712093946672167 0.989677119339161
SPEC: 1000
0.5668765243555587 0.9049915235888615
SVC_L1: 1000
0.969126924690785 0.9958642276687389
SVM: 1000
0.7886325469518427 0.9690304669623607
XGBoost gain: 1000
0.9505611726987936 0.9928339246384359
XGBoost split: 1000
0.9484456023877346 0.9928339246384359
