ANOVA_F-score: 500
0.5133755751338752 0.9015988613628249
chi-square: 500
0.9650012469940663 0.983434980276261
Fisher: 500
0.5011395391060336 0.8996240614592812
Gini: 500
0.17546299999999992 0.2330983242916178
Laplacian: 500
0.17546299999999992 0.23725581450295186
LGBM gain: 500
0.977334022521943 0.9928133103321073
LGBM split: 500
0.9784074809258408 0.9937589645108442
mutual_info: 500
0.9226456410642199 0.9699951658558034
ReliefF: 500
0.90411501088018 0.9679657461200043
RFC: 500
0.9711449478358525 0.9876457191106723
SPEC: 500
0.8785006664624442 0.9410558743560968
XGBoost gain: 500
0.9773548493468935 0.9948541266586379
XGBoost split: 500
0.9773548493468935 0.9948541266586379
SGD_elasticnet: 500
0.9455753821150863 0.9865816909409935
SGD_L1: 500
0.9618738076988386 0.9886444235300418
SGD_L2: 500
0.9538362087233773 0.9875922028521613
SVC_L1: 500
0.9721769651084713 0.986485431595014
SVM: 500
0.9278645413966773 0.9721883616992029
ANOVA_F-score: 500
0.4138531011932216 0.5327310234310682
chi-square: 500
0.8524173680774769 0.9740910807835852
Fisher: 500
0.4138531011932216 0.5327310234310682
Gini: 500
0.18063812990409478 0.22293388754382212
Laplacian: 500
0.1816482309141958 0.22597449772728945
LGBM gain: 500
0.9257030888149044 0.9907295383994865
LGBM split: 500
0.920247144592775 0.986551448018001
mutual_info: 500
0.6023966722858447 0.9443953713482218
ReliefF: 500
0.3704722209234312 0.8606249192182329
RFC: 500
0.9090860673074653 0.9691918375400276
SGD_elasticnet: 500
0.9546241715382158 0.9825215636493831
SGD_L1: 500
0.9618630203916188 0.989740476732958
SGD_L2: 500
0.9538596394607062 0.9865713837878292
SPEC: 500
0.5577240258449203 0.889598386353957
SVC_L1: 500
0.9691893910294596 0.9948332998336874
SVM: 500
0.5617873191404354 0.9111909478366474
XGBoost gain: 500
0.9370672186001362 0.9928339246384359
XGBoost split: 500
0.9401709736587784 0.9928339246384359
