ANOVA_F-score: 500
0.8860241327000832 0.9771593181320878
chi-square: 500
0.9312386025482134 0.9824909887746863
Fisher: 500
0.8905440509840463 0.9783312403261195
Gini: 500
0.9365089546704084 0.9901622756813383
Laplacian: 500
0.8894412842227899 0.9596947496316417
LGBM gain: 500
0.9693429474762331 0.996664772040814
LGBM split: 500
0.9682804467897744 0.996664772040814
mutual_info: 500
0.913603569194975 0.9781875200298265
ReliefF: 500
0.8969827101207923 0.9607683552907351
RFC: 500
0.9571622783270488 0.9955284084044504
SPEC: 500
0.89939628482065 0.9639508072965722
XGBoost gain: 500
0.9716005153924192 0.995577815519075
XGBoost split: 500
0.9716005153924192 0.995577815519075
SGD_elasticnet: 500
0.9464217666314745 0.9945023752120145
SGD_L1: 500
0.9475313603914706 0.992302353278273
SGD_L2: 500
0.9485860491388779 0.9912160488202614
SVC_L1: 500
0.9515926274873726 0.994454220013457
SVM: 500
0.9595704588129039 0.9933544953609722
ANOVA_F-score: 500
0.634216841403309 0.9070787353010772
chi-square: 500
0.5708329985055536 0.940919846637899
Fisher: 500
0.634216841403309 0.9070787353010772
Gini: 500
0.8412866632012477 0.966161345523233
Laplacian: 500
0.7819497094700334 0.9486523238496095
LGBM gain: 500
0.9539633961212203 0.9867346064183913
LGBM split: 500
0.9419835981709288 0.982396402669447
mutual_info: 500
0.5957212584734848 0.9442418270732192
ReliefF: 500
0.41895830329648664 0.8761466169326796
RFC: 500
0.9428337908787716 0.9858493434683773
SGD_elasticnet: 500
0.9683285918852037 0.9901152620427565
SGD_L1: 500
0.9628938033286927 0.987941092126651
SGD_L2: 500
0.9726332350162407 0.9867938643393364
SPEC: 500
0.5754551866198285 0.9245213309803693
SVC_L1: 500
0.9749360774089406 0.9955765819041987
SVM: 500
0.9771971169771331 0.9934374832997603
XGBoost gain: 500
0.9452687692020099 0.9825777730440024
XGBoost split: 500
0.9408013773261512 0.9825777730440024
