ANOVA_F-score: 500
0.94083717895575 0.9900439618085032
chi-square: 500
0.9441827838198861 0.9901396384430814
Fisher: 500
0.9431441539865606 0.9890750622869721
Gini: 500
0.9474938046183561 0.9900902313284569
Laplacian: 500
0.9408699522772735 0.9880128184731406
LGBM gain: 500
0.9485349971673331 0.987977413104138
LGBM split: 500
0.9485349971673331 0.987977413104138
mutual_info: 500
0.9431683428460857 0.9922792265437679
ReliefF: 500
0.9452936111947584 0.9879043737078167
RFC: 500
0.944147712508219 0.9912265949648205
SPEC: 500
0.9321476535640184 0.990053592344578
XGBoost gain: 500
0.9451883972597572 0.9890621432178082
XGBoost split: 500
0.9451883972597572 0.9890621432178082
SGD_elasticnet: 500
0.9431912448098508 0.9901149257351738
SGD_L1: 500
0.9540170502872378 0.9934488346967124
SGD_L2: 500
0.945283252590999 0.9890160429374634
SVC_L1: 500
0.9497176120224599 0.9911922700220288
SVM: 500
0.9343702456544366 0.9878913670056346
ANOVA_F-score: 500
0.9100196690038089 0.9651720884523977
chi-square: 500
0.9123503008476996 0.9627471679582218
Fisher: 500
0.9132971884130708 0.9651720884523977
Gini: 500
0.8871280693275124 0.9629506029422621
Laplacian: 500
0.9145174939287866 0.9616936113919762
LGBM gain: 500
0.8991591668544173 0.9562095171545552
LGBM split: 500
0.8991591668544173 0.9562095171545552
mutual_info: 500
0.8947199272352192 0.9672040896934783
ReliefF: 500
0.9132953515148565 0.9651136518347891
RFC: 500
0.9187961989351022 0.9639546509601686
SGD_elasticnet: 500
0.931085810543921 0.9716629131582821
SGD_L1: 500
0.9233042602749216 0.9630281451931078
SGD_L2: 500
0.9299816963806985 0.970513876877072
SPEC: 500
0.9036703076297041 0.9562056230878809
SVC_L1: 500
0.9298988799317665 0.9661997848029447
SVM: 500
0.9168941992713916 0.9684231049610473
XGBoost gain: 500
0.8823168487685532 0.9550744826189669
XGBoost split: 500
0.8845648633333728 0.9550744826189669
