ANOVA_F-score: 79
0.9113640684828195 0.979415666234094
chi-square: 79
0.9210939834213824 0.9770987288601202
Fisher: 79
0.9104102350821776 0.9826422108565197
Gini: 79
0.9364532194321064 0.9846513101338352
Laplacian: 79
0.5431714764133443 0.8698428820470672
LGBM gain: 79
0.9507315474490684 0.9889913302295558
LGBM split: 79
0.9507086615362469 0.9890279692134346
mutual_info: 79
0.9244902107138284 0.9748169720844089
ReliefF: 79
0.9200334444174846 0.9770017492788383
RFC: 79
0.9462275509414652 0.9901879651314951
SPEC: 79
0.8905203426983925 0.9518858729084463
XGBoost gain: 79
0.9529203018426958 0.9901276938659194
XGBoost split: 79
0.9528480088152498 0.99115563103815
SGD_elasticnet: 79
0.9223234944304327 0.9867225824062738
SGD_L1: 79
0.8357589199409029 0.9439082215387696
SGD_L2: 79
0.9190943870923555 0.9857169484149646
SVC_L1: 79
0.9474700008468031 0.9880349419661432
SVM: 79
0.9473843909636641 0.9912037862367075
ANOVA_F-score: 79
0.7286705035809112 0.8895643499712619
chi-square: 79
0.7359937388280159 0.9123325840971297
Fisher: 79
0.7286705035809112 0.8895643499712619
Gini: 79
0.7074535286803354 0.8916141671463798
Laplacian: 79
0.3780739518076949 0.4387931857104601
LGBM gain: 79
0.8707692722005844 0.9639661809755437
LGBM split: 79
0.8605704735334204 0.938950491837246
mutual_info: 79
0.7023807786141406 0.9124756762335198
ReliefF: 79
0.7842606903709306 0.8951698758490652
RFC: 79
0.8421481186821406 0.9541213772860095
SGD_elasticnet: 79
0.8415777081603133 0.9397918415134086
SGD_L1: 79
0.48446767161423876 0.7189239444009375
SGD_L2: 79
0.8940025407115775 0.9365124934039949
SPEC: 79
0.6666035995448099 0.8598778746521476
SVC_L1: 79
0.9506531298896881 0.9747718463746781
SVM: 79
0.9200586116419472 0.9618561685388072
XGBoost gain: 79
0.8660487340203653 0.9660847099584947
XGBoost split: 79
0.882946626583996 0.9583267897209449
