ANOVA_F-score: 79
0.5137411250538542 0.9332989618893114
chi-square: 79
0.9321459200045842 0.9782816960737731
Fisher: 79
0.503624690567948 0.9332625797780596
Gini: 79
0.7951040755397777 0.9624892231513268
Laplacian: 79
0.6964358338287896 0.8761003000796574
LGBM gain: 79
0.9759626854803958 0.996664772040814
LGBM split: 79
0.9692441515481748 0.996664772040814
mutual_info: 79
0.9189800847708526 0.9713972496479879
ReliefF: 79
0.8698200642866879 0.9326484998898816
RFC: 79
0.9307469555181358 0.9880229202042728
SPEC: 79
0.8629424269036332 0.9521406860684859
XGBoost gain: 79
0.9627946893942425 0.9955895032236097
XGBoost split: 79
0.9769529009922894 0.996664772040814
SGD_elasticnet: 79
0.9104438539560437 0.992242587559889
SGD_L1: 79
0.9103868697762361 0.9878916078273182
SGD_L2: 79
0.90491123016278 0.9878198975317722
SVC_L1: 79
0.9350156016258933 0.9880248241840673
SVM: 79
0.9574266549415831 0.9889690292988815
ANOVA_F-score: 79
0.45845052863493946 0.5311614540564846
chi-square: 79
0.7304334574964746 0.9157994674129826
Fisher: 79
0.45845052863493946 0.5311614540564846
Gini: 79
0.5812860877803335 0.8130142516413442
Laplacian: 79
0.4807278458026887 0.6524538381330379
LGBM gain: 79
0.9483546945204318 0.9811995007917524
LGBM split: 79
0.8978753831466277 0.980328488261925
mutual_info: 79
0.6213294436942622 0.8870876034566613
ReliefF: 79
0.15760954703304034 0.6717449818322705
RFC: 79
0.8677585900327187 0.9184138261717476
SGD_elasticnet: 79
0.8978449638209594 0.9459970258244181
SGD_L1: 79
0.8720509477092775 0.9514226938925403
SGD_L2: 79
0.8711552411179146 0.9514465669959207
SPEC: 79
0.33464554185442985 0.7426357066045717
SVC_L1: 79
0.9671063696911365 0.989016122372419
SVM: 79
0.9245481679383171 0.9867691882338102
XGBoost gain: 79
0.9271150336653802 0.9791804391712737
XGBoost split: 79
0.9474842140370493 0.9782754380062372
