ANOVA_F-score: 79
0.3289912212460192 0.4036058655720335
chi-square: 79
0.9454282514036088 0.9782779087266122
FCBF: 79
0.9660212032756302 0.986614592893176
Fisher: 79
0.3289912212460192 0.40259576456193247
Gini: 79
0.20647543431922666 0.3097131514788401
Laplacian: 79
0.8051393699383547 0.9216104704721784
LGBM gain: 79
0.9732618201031008 0.9927273581392922
LGBM split: 79
0.9774182067406904 0.9895902760912235
mutual_info: 79
0.9111620478504787 0.9576748904924026
ReliefF: 79
0.8452414657168041 0.9327720279115437
RFC: 79
0.9020364264247882 0.9278405895246582
SPEC: 79
0.7680736274502056 0.9029298804373802
XGBoost gain: 79
0.9680411927772102 0.9906436003428485
XGBoost split: 79
0.9711131353212373 0.990729072381608
SGD_elasticnet: 79
0.7750463905900314 0.9041195749377203
SGD_L1: 79
0.8679714649889814 0.9462555457275807
SGD_L2: 79
0.5002414617305926 0.5336361840783567
SVC_L1: 79
0.9502949753236964 0.9834040588167681
SVM: 79
0.8677906246593649 0.940077784243056
ANOVA_F-score: 79
0.3953325387992666 0.4025939824516877
chi-square: 79
0.8431603386771962 0.9256410884941083
FCBF: 79
0.9422048345340124 0.9826169319402402
Fisher: 79
0.3953325387992666 0.4025939824516877
Gini: 79
0.3097131514788401 0.3097131514788401
Laplacian: 79
0.3663053838670441 0.6051816189021783
LGBM gain: 79
0.9503476146632623 0.9855623722152954
LGBM split: 79
0.924662532363189 0.9679464747504996
mutual_info: 79
0.58020622219256 0.8698554668705589
ReliefF: 79
0.18885338428563678 0.6727027367265218
RFC: 79
0.8347674933591084 0.8843979073165167
SGD_elasticnet: 79
0.696156162381657 0.8060175073554706
SGD_L1: 79
0.849494310082818 0.9460198037940981
SGD_L2: 79
0.361256152500374 0.5219179383687
SPEC: 79
0.48747273444981193 0.7266630522794073
SVC_L1: 79
0.9196560864925184 0.9548905531595806
SVM: 79
0.28240999905970626 0.6706215687062793
XGBoost gain: 79
0.9566327644490643 0.9722515207105549
XGBoost split: 79
0.9484980150725013 0.9846362429053198
