ANOVA_F-score: 1000
95.66	 98.75
CatBoost: 1000
97.01	 98.95
chi-square: 1000
93.40	 97.62
CIFE: 1000
95.06	 98.64
CMIM: 1000
94.42	 98.55
DISR: 1000
95.35	 98.86
Fisher: 1000
95.66	 98.85
Gini: 1000
95.97	 98.95
JMI: 1000
91.44	 97.11
Laplacian: 1000
90.11	 97.00
LGBM gain: 1000
97.11	 99.06
LGBM split: 1000
97.21	 99.17
MIFS: 1000
92.45	 98.54
MRMR: 1000
95.87	 98.65
mutual_info: 1000
91.34	 96.79
ReliefF: 1000
91.76	 97.31
RFC: 1000
96.07	 98.96
RGF: 1000
97.01	 98.96
SPEC: 1000
92.17	 97.94
Trace_ratio: 1000
95.66	 98.75
XGBoost gain: 1000
97.62	 99.27
XGBoost split: 1000
97.62	 99.27
SGD_elasticnet: 1000
95.67	 98.76
SGD_L1: 1000
95.46	 98.76
SGD_L2: 1000
95.76	 98.65
SVC_L1: 1000
96.08	 98.86
SVC_L2: 1000
95.56	 98.75
SVM: 1000
95.46	 98.85
ANOVA_F-score: 1000
84.12	 97.22
CatBoost: 1000
95.05	 98.76
chi-square: 1000
54.25	 93.58
CIFE: 1000
89.45	 98.55
CMIM: 1000
96.28	 98.35
DISR: 1000
64.65	 97.00
Fisher: 1000
84.12	 97.22
Gini: 1000
76.07	 97.62
JMI: 1000
55.16	 94.33
Laplacian: 1000
78.57	 94.83
LGBM gain: 1000
95.16	 98.45
LGBM split: 1000
94.75	 98.35
MIFS: 1000
94.85	 98.25
MRMR: 1000
92.85	 98.55
mutual_info: 1000
55.79	 94.24
ReliefF: 1000
59.11	 94.85
RFC: 1000
92.47	 98.14
RGF: 1000
95.57	 98.55
SGD_elasticnet: 1000
96.09	 98.75
SGD_L1: 1000
95.68	 98.55
SGD_L2: 1000
95.89	 98.45
SPEC: 1000
63.69	 93.59
SVC_L1: 1000
96.60	 99.17
SVC_L2: 1000
97.42	 99.38
SVM: 1000
97.01	 99.17
Trace_ratio: 1000
84.12	 97.22
XGBoost gain: 1000
93.82	 98.35
XGBoost split: 1000
93.82	 98.35
