ANOVA_F-score: 1000
0.9320154632831004 0.9913334537567419
chi-square: 1000
0.9267805254522848 0.9813083556183689
Fisher: 1000
0.9342143276059227 0.9902691344732597
Gini: 1000
0.9418757454050634 0.9945610788053784
Laplacian: 1000
0.8917389735055482 0.9760107873980693
LGBM gain: 1000
0.9649582255327706 0.9956121404618667
LGBM split: 1000
0.9628305659583025 0.996664772040814
mutual_info: 1000
0.9104229417339768 0.9759051622210243
ReliefF: 1000
0.9147471538404273 0.9824271582240862
RFC: 1000
0.9527289911237362 0.9955895032236097
SPEC: 1000
0.9169795012512668 0.9847584176003211
XGBoost gain: 1000
0.9737513017013923 0.996664772040814
XGBoost split: 1000
0.9737513017013923 0.996664772040814
SGD_elasticnet: 1000
0.9518474324493496 0.9934736167364475
SGD_L1: 1000
0.9486946552909298 0.9955284084044504
SGD_L2: 1000
0.9453597613890794 0.9934155901801315
SVC_L1: 1000
0.9505667657847928 0.995577815519075
SVM: 1000
0.9517739978619278 0.9934155901801315
ANOVA_F-score: 1000
0.8230891738868704 0.9650304253245646
chi-square: 1000
0.5887345555250516 0.9418899220715401
Fisher: 1000
0.8230891738868704 0.9650304253245646
Gini: 1000
0.8506191223062491 0.9739364800355367
Laplacian: 1000
0.8739677039665588 0.9585644065622396
LGBM gain: 1000
0.962927794214149 0.9879291658506799
LGBM split: 1000
0.9444165535679523 0.9847506910440408
mutual_info: 1000
0.6629334962916612 0.9408111976532729
ReliefF: 1000
0.5898325987182347 0.9429408882421293
RFC: 1000
0.9342397601834522 0.9846656481870398
SGD_elasticnet: 1000
0.9650773446579987 0.9912511201319284
SGD_L1: 1000
0.9695472891463808 0.9911913544135444
SGD_L2: 1000
0.9726649223089195 0.9901043978918054
SPEC: 1000
0.6343858078384714 0.9342353058413815
SVC_L1: 1000
0.9749849789763734 0.9923042572580675
SVM: 1000
0.9695010379276179 0.9944776808052976
XGBoost gain: 1000
0.939559955193699 0.9847883250713595
XGBoost split: 1000
0.9418185852349052 0.9847883250713595
