ANOVA_F-score: 79
0.4529176677175603 0.4594656954261771
chi-square: 79
0.9443629284324461 0.9848811026827033
Fisher: 79
0.4529176677175603 0.4594656954261771
Gini: 79
0.5560497 0.5659088020638434
Laplacian: 79
0.4314829857722554 0.8653372995660613
LGBM gain: 79
0.9749838213654543 0.994537112466346
LGBM split: 79
0.9782117010364706 0.9956363476225827
mutual_info: 79
0.922365207090664 0.970251016904113
ReliefF: 79
0.862122015701731 0.9432862765092683
RFC: 79
0.896778705024797 0.9825746253462034
SPEC: 79
0.7778957681366776 0.9183448682350492
XGBoost gain: 79
0.977147375805173 0.9923631994228678
XGBoost split: 79
0.9836963963069825 0.9956363476225827
SGD_elasticnet: 79
0.43954935594084676 0.4663117610006976
SGD_L1: 79
0.4728357762179648 0.5467397000717165
SGD_L2: 79
0.5009359731342037 0.5971765704365938
SVC_L1: 79
0.9657813374864205 0.9857770321397405
SVM: 79
0.8684765929393512 0.9576289289949611
ANOVA_F-score: 79
0.44523385125159903 0.45732865399019873
chi-square: 79
0.8632509117279549 0.9606065095344526
Fisher: 79
0.44523385125159903 0.45732865399019873
Gini: 79
0.35975788067198666 0.4300046168182451
Laplacian: 79
0.2929010922069503 0.3311913431916172
LGBM gain: 79
0.9526677166166582 0.9802081172206298
LGBM split: 79
0.9445391733756981 0.9716850870543627
mutual_info: 79
0.6011635749696079 0.8816362664898202
ReliefF: 79
0.16956175975144308 0.667286303703251
RFC: 79
0.8652948479008139 0.9486012844993761
SGD_elasticnet: 79
0.3795599606683882 0.4659391548416438
SGD_L1: 79
0.4359841988715341 0.5353472061854201
SGD_L2: 79
0.5322021933664135 0.5899183384394072
SPEC: 79
0.5013878323515814 0.748034514913061
SVC_L1: 79
0.9691023929344426 0.9835064064907357
SVM: 79
0.426687114532006 0.8359052589730005
XGBoost gain: 79
0.94595970862274 0.9821891518729368
XGBoost split: 79
0.9694726231943301 0.9867292978681707
