ANOVA_F-score: 500
0.4901809870217464 0.9267140625731947
chi-square: 500
0.9605701195703199 0.9881071578088808
Fisher: 500
0.49457738656661554 0.9245151982503724
Gini: 500
0.7492070440879989 0.9659625281730571
Laplacian: 500
0.3827157027508712 0.8773429416811079
LGBM gain: 500
0.9781875733107103 0.994537112466346
LGBM split: 500
0.9727390215800138 0.996724537759198
mutual_info: 500
0.9180126697890095 0.975881034495264
ReliefF: 500
0.8961160133479928 0.9695248394489236
RFC: 500
0.9593361995685896 0.9913345181320091
SPEC: 500
0.875186625717465 0.9630214274809635
XGBoost gain: 500
0.9792864744096114 0.9956363476225827
XGBoost split: 500
0.9792864744096114 0.9956363476225827
SGD_elasticnet: 500
0.9140017354212228 0.9923616295004087
SGD_L1: 500
0.897537702972286 0.9901157675899482
SGD_L2: 500
0.92177604863019 0.9890521763741505
SVC_L1: 500
0.9594968467878107 0.9911658364532439
SVM: 500
0.9002233396213637 0.9671952353779186
ANOVA_F-score: 500
0.45401812043772966 0.5487711141590145
chi-square: 500
0.8848435280399709 0.978030836209107
Fisher: 500
0.45401812043772966 0.5487711141590145
Gini: 500
0.5390739826451032 0.8223716691542564
Laplacian: 500
0.28858782368640656 0.34983672590617554
LGBM gain: 500
0.9238948759022987 0.9911666600068276
LGBM split: 500
0.9432003937025586 0.9847356170702706
mutual_info: 500
0.5859633501468062 0.9398692234470221
ReliefF: 500
0.395532381015845 0.870588755955567
RFC: 500
0.9320642327622526 0.9859106608080295
SGD_elasticnet: 500
0.9240036419937576 0.9814625460552641
SGD_L1: 500
0.9359520870538873 0.982528433010958
SGD_L2: 500
0.9360115359466306 0.9858475166732912
SPEC: 500
0.47957598433700066 0.8965748704277738
SVC_L1: 500
0.9793464888025599 0.9967485040982303
SVM: 500
0.6299298604751319 0.9134348976193379
XGBoost gain: 500
0.9439743982467852 0.9900424896221905
XGBoost split: 500
0.9407343413749859 0.9900424896221905
