ANOVA_F-score: 1000
0.7997191925125201 0.9552807443198528
chi-square: 1000
0.9638962997253311 0.9901152620427565
Fisher: 1000
0.7976537160363032 0.954022439719735
Gini: 1000
0.9028138549478936 0.9901739473349296
Laplacian: 1000
0.3950322332694103 0.880601444269536
LGBM gain: 1000
0.9759650767061913 0.994537112466346
LGBM split: 1000
0.972702382596135 0.996724537759198
mutual_info: 1000
0.9124552770323929 0.97469783465799
ReliefF: 1000
0.9253619670171025 0.9759628547200047
RFC: 1000
0.9572581957833106 0.9912980483877393
SPEC: 1000
0.8928509261070754 0.9671384048418473
XGBoost gain: 1000
0.9792864744096114 0.9956363476225827
XGBoost split: 1000
0.9792864744096114 0.9956363476225827
SGD_elasticnet: 1000
0.9317431895440744 0.9923151214090187
SGD_L1: 1000
0.9316579140634526 0.9935211198712774
SGD_L2: 1000
0.9228738775009429 0.9912627306517549
SVC_L1: 1000
0.9627452904776805 0.9912630647090903
SVM: 1000
0.9289448240106317 0.9856831107181738
ANOVA_F-score: 1000
0.4583571637912011 0.839086023113976
chi-square: 1000
0.8617463792327221 0.974830806840669
Fisher: 1000
0.4583571637912011 0.839086023113976
Gini: 1000
0.7496432340281538 0.9462234760061208
Laplacian: 1000
0.18971480859040085 0.4184985608050429
LGBM gain: 1000
0.9542553228898284 0.9911538918760819
LGBM split: 1000
0.9464311462427376 0.9878680710315205
mutual_info: 1000
0.7074456678836489 0.9474910455362833
ReliefF: 1000
0.5876479146393724 0.946191819368008
RFC: 1000
0.9159063239546568 0.9912518743536847
SGD_elasticnet: 1000
0.9727720357232208 0.9912160488202614
SGD_L1: 1000
0.9761061832561959 0.990140780003057
SGD_L2: 1000
0.9793688773662522 0.9967599431282006
SPEC: 1000
0.602221690913759 0.930781357645636
SVC_L1: 1000
0.9804828524389235 0.9956610420292995
SVM: 1000
0.8321339170776169 0.9692192062166461
XGBoost gain: 1000
0.947236758299506 0.9879278367499045
XGBoost split: 1000
0.947236758299506 0.9879278367499045
